function [lam, nCo] = IndexOfCo
% from: http://refractiveindex.info/?shelf=main&book=Co&page=Johnson
%wl,n,k
A = [
0.188,1.16,1.59
0.192,1.21,1.63
0.195,1.26,1.67
0.199,1.29,1.71
0.203,1.32,1.75
0.207,1.36,1.78
0.212,1.38,1.82
0.216,1.41,1.84
0.221,1.43,1.85
0.226,1.45,1.86
0.231,1.47,1.87
0.237,1.47,1.89
0.243,1.46,1.91
0.249,1.45,1.93
0.255,1.45,1.97
0.262,1.44,2.01
0.269,1.44,2.04
0.276,1.44,2.09
0.284,1.44,2.14
0.292,1.44,2.19
0.301,1.44,2.25
0.311,1.44,2.31
0.32,1.45,2.37
0.332,1.46,2.44
0.342,1.48,2.52
0.354,1.49,2.61
0.368,1.5,2.71
0.381,1.53,2.82
0.397,1.57,2.93
0.413,1.61,3.05
0.431,1.67,3.17
0.451,1.74,3.28
0.471,1.81,3.41
0.496,1.88,3.55
0.521,1.97,3.68
0.549,2.05,3.82
0.582,2.13,3.96
0.617,2.19,4.11
0.659,2.25,4.27
0.704,2.31,4.45
0.756,2.4,4.64
0.821,2.53,4.88
0.892,2.65,5.16
0.984,2.78,5.5
1.088,2.94,5.88
1.216,3.17,6.31
1.393,3.42,6.77
1.61,3.61,7.26
1.937,3.87,7.79
];
U = CConstants;
lam = A(:,1)*U.UM;
nCo = A(:,2) - 1i*A(:,3);
