function [eg] = eulergamma
%Euler-Mascheroni constant = -Psi(1) = 0.5772156649015328606...

eg=0.5772156649015328606;

return
